16 0.000475234
32 0.000352287
48 0.000244297
64 0.000354758
80 0.000331844
96 0.000347428
112 0.000347689
128 0.000354202
144 0.000353744
160 0.000268193
176 0.00035432
192 0.000359291
208 0.000240536
224 0.000476602
240 0.000393083
256 0.00024582
272 0.000352944
288 0.000252107
304 0.00035211
320 0.000351067
336 0.000349457
352 0.000244523
368 0.000247857
384 0.000245532
400 0.000350468
416 0.000242685
432 0.000349668
448 0.000345978
464 0.000505543
480 0.000491554
496 0.000410794
512 0.000244844
528 0.000348937
544 0.000349679
560 0.000347185
576 0.000343733
592 0.000389602
608 0.000351862
624 0.000350152
640 0.000508697
656 0.000397846
672 0.00035337
688 0.000243511
704 0.000350576
720 0.000247212
736 0.000349233
752 0.000354416
768 0.000245321
784 0.000593278
800 0.000351419
816 0.000243628
832 0.000343134
848 0.000351565
864 0.000346387
880 0.000280468
896 0.00044071
912 0.000247822
928 0.000246663
944 0.000244176
960 0.000246352
976 0.00048063
992 0.000351085
1008 0.00035395
1024 0.000398667
1040 0.00102839
1056 9.7046e-05
1072 8.6231e-05
1088 8.9162e-05
1104 8.869e-05
1120 8.8801e-05
1136 9.1187e-05
1152 8.8166e-05
1168 8.8107e-05
1184 8.7523e-05
1200 8.8325e-05
1216 0.000830854
1232 8.9497e-05
1248 8.8092e-05
1264 8.9953e-05
1280 8.8464e-05
1296 8.7569e-05
1312 9.5997e-05
1328 8.9214e-05
1344 8.8665e-05
1360 8.8103e-05
1376 8.7319e-05
1392 8.9515e-05
1408 8.903e-05
1424 8.9311e-05
1440 8.9535e-05
1456 8.8997e-05
1472 8.9206e-05
1488 8.9325e-05
1504 8.9037e-05
1520 8.909e-05
1536 9.2955e-05
1552 8.984e-05
1568 8.7916e-05
1584 8.8364e-05
1600 0.0002209
1616 0.00021205
1632 9.0667e-05
1648 9.0745e-05
1664 8.9344e-05
1680 8.7247e-05
1696 8.773e-05
1712 0.000102365
1728 0.000940516
1744 8.8173e-05
1760 8.714e-05
1776 8.8231e-05
1792 0.000106614
1808 8.9153e-05
1824 8.8058e-05
1840 8.6594e-05
1856 8.6764e-05
1872 8.934e-05
1888 8.9013e-05
1904 0.000143745
1920 8.9708e-05
1936 8.8943e-05
1952 0.000108596
1968 8.8352e-05
1984 8.8466e-05
2000 0.000300145
2016 9.573e-05
2032 0.000201603
2048 8.9018e-05
2064 8.8872e-05
2080 8.7378e-05
2096 8.8239e-05
2112 0.000172661
2128 8.7186e-05
2144 8.6609e-05
2160 8.651e-05
2176 8.7581e-05
2192 8.874e-05
2208 8.7273e-05
2224 0.000296358
2240 8.8285e-05
2256 8.8908e-05
2272 8.8345e-05
2288 9.0019e-05
2304 8.9667e-05
2320 8.7761e-05
2336 8.9407e-05
2352 8.8905e-05
2368 0.000122784
2384 8.7253e-05
2400 8.686e-05
2416 8.9072e-05
2432 0.000113731
2448 9.0539e-05
2464 0.000123318
2480 8.7315e-05
2496 8.9197e-05
2512 0.000739734
2528 9.0098e-05
2544 0.000240228
2560 8.902e-05
2576 0.000250734
2592 0.000755009
2608 8.8147e-05
2624 8.7908e-05
2640 0.0007526
2656 0.000152042
2672 8.7459e-05
2688 8.9794e-05
2704 0.000121059
2720 0.00103681
2736 8.87e-05
2752 0.000119985
2768 9.7275e-05
2784 8.9266e-05
2800 8.9683e-05
2816 8.8179e-05
2832 0.000107284
2848 8.6634e-05
2864 9.3529e-05
2880 0.000612935
2896 8.9159e-05
2912 9.8124e-05
2928 9.1483e-05
2944 8.9924e-05
2960 9.5233e-05
2976 8.6637e-05
2992 8.8626e-05
3008 8.7682e-05
3024 8.8826e-05
3040 8.9298e-05
3056 8.8929e-05
3072 8.8906e-05
3088 8.8652e-05
3104 8.9341e-05
3120 8.8716e-05
3136 8.8892e-05
3152 0.000102342
3168 8.7388e-05
3184 0.000188065
3200 8.8181e-05
3216 8.8902e-05
3232 8.8358e-05
3248 8.9023e-05
3264 8.8207e-05
3280 0.000144822
3296 0.000838553
3312 0.000103504
3328 8.7928e-05
3344 8.815e-05
3360 8.7918e-05
3376 0.000108088
3392 8.7786e-05
3408 8.7004e-05
3424 0.000114745
3440 9.0446e-05
3456 8.9687e-05
3472 8.8314e-05
3488 8.9417e-05
3504 0.00082162
3520 8.7342e-05
3536 8.7778e-05
3552 8.6829e-05
3568 8.949e-05
3584 0.000112562
3600 8.9692e-05
3616 8.8849e-05
3632 8.7625e-05
3648 8.8425e-05
3664 8.9027e-05
3680 8.9351e-05
3696 0.000119068
3712 8.972e-05
3728 8.7457e-05
3744 8.8147e-05
3760 0.0010943
3776 9.0273e-05
3792 8.9924e-05
3808 8.9762e-05
3824 8.908e-05
3840 0.00109054
3856 8.8833e-05
3872 0.000202209
3888 8.9076e-05
3904 0.000217844
3920 8.7803e-05
3936 8.8847e-05
3952 8.8357e-05
3968 0.000922117
3984 0.000237974
4000 8.9381e-05
4016 9.6363e-05
4032 8.9888e-05
4048 8.9308e-05
4064 8.9343e-05
4080 0.000792372
4096 8.9993e-05
4112 8.9123e-05
4128 8.8747e-05
4144 8.9211e-05
4160 8.8422e-05
4176 0.000265705
4192 0.000111421
4208 9.0291e-05
4224 9.003e-05
4240 8.8334e-05
4256 8.934e-05
4272 8.9446e-05
4288 8.7875e-05
4304 8.8969e-05
4320 8.772e-05
4336 0.000823168
4352 8.7364e-05
4368 8.9704e-05
4384 8.8726e-05
4400 9.1969e-05
4416 8.899e-05
4432 8.9359e-05
4448 8.8187e-05
4464 8.8423e-05
4480 8.8552e-05
4496 9.6426e-05
4512 8.9007e-05
4528 8.8786e-05
4544 0.000100865
4560 0.000116438
4576 8.7382e-05
4592 8.8905e-05
4608 0.000212095
4624 0.000102657
4640 8.8235e-05
4656 8.9395e-05
4672 0.000141302
4688 0.000108678
4704 9.1247e-05
4720 8.8117e-05
4736 8.8539e-05
4752 8.7829e-05
4768 8.6966e-05
4784 8.7859e-05
4800 0.000933029
4816 8.9182e-05
4832 9.2588e-05
4848 8.6842e-05
4864 8.8081e-05
4880 9.3637e-05
4896 8.9017e-05
4912 8.9451e-05
4928 0.000714742
4944 0.000414796
4960 9.3127e-05
4976 8.8983e-05
4992 8.6767e-05
